    Value: 0.14054001499155358
    lambda_l1: 6.361891201722241e-06
    lambda_l2: 0.058922915363507904
    num_leaves: 41
    feature_fraction: 0.527559117550029
    bagging_fraction: 0.9668053101704331
    bagging_freq: 1
    min_child_samples: 13
    learning_rate: 0.09969741854704843
